493026
686589
844406
879950
1318436
1319133
1321869
1324378
1324465
1325754
1327606
1328741
1329233
1329890
1336560
1338292
1358354
1374819
1376180
1392108
1392179
1405114
1412459
1433882
1434229
1434278
1442159
1447849
1455415
1463347
1464983
1464994
1474691
1484427
1484438
1494252
1506714
1541173
1551022
1554284
1583369
1593824
1602662
1613291
1623778
1633363
1645808
1645818
1646849
1649352
1650511
1653376
1658184
1661344
1661433
1663180
1666957
1697453
1735948
1745860
1745862
1753549
1770691
1775876
1843910
1846280
1847031
1848336
1850490
1851797
1851905
1852252
1865603
1877842
1886309
1886313
1890141
1896667
1920982
1925195
1929453
1935311
1940524
1940528
1942550
1948451
1957739
1963199
1989363
2001343
2020140
2046185
2069879
2072592
2130536
2153368
2161163
2161443
2170731
2173519
2173652
2174756
2174998
2176254
2177124
2196388
2203229
2205087
2214395
2216963
2221932
2232377
2232393
2243465
2246544
2266585
2266629
2266633
2280112
2319716
2319722
2319725
2331828
2333008
2352761
2358715
2376933
2385025
2388398
2408264
2423302
2426481
2433015
2456410
2541271
2541274
2542639
2544756
2545966
2546578
2546666
2550418
2550831
2552210
2554817
2559228
2559229
2560998
2586365
2590860
2593407
2593416
2593422
2594158
2607642
2620129
2642636
2681446
2724602
2733141
2740646
2768931
2779041
2787900
2794600
2796066
2810793
2810985
2820657
2826872
2838368
2849686
2982261
2986068
2987566
2996838
3004102
3005693
3012831
3016362
3016377
3019977
3028735
3038297
3137876
3178952
3216982
3265510
3302380
3312721
3321962
3341793
3357262
3379759
3404654
3404658
3430743
3522956
3568432
3614982
3686524
3723812
3739712
3763552
3769583
3795535
3806968
3815455
3832930
3959362
3967518
4003090
4057205
4059674
6087603
6091706
6176520
6180254
6260343
6311015
6312119
6313980
6315990
6318489
6513025
6517498
6677103
6699714
6713985
7040099
7155272
7376821
7474410
7474582
7474596
7474597
7475074
7515779
7526430
7528493
7564053
7569337
7594862
7608602
7608603
7608609
7609349
7611088
7623494
7641115
7666625
7666626
7669422
7685838
7685922
7694692
7704674
7717722
7735542
7738968
7739182
7745873
7750628
7771165
7780236
7791277
7792560
7799562
7802448
7803920
7805716
7807764
7815769
7820964
7830349
7830362
7830365
7831515
7834945
7853780
7867297
7879823
7884987
7897028
7897891
7897909
7897910
7898147
7918940
7933749
7936310
7957843
7959519
7967250
7967257
7967266
7975590
7989806
7993120
7997133
8009147
8017676
8019050
8041040
8060146
8061396
8071114
8072202
8089573
8089574
8090269
8121093
8129193
8135484
8138700
8152185
8153731
8164406
8164798
8181367
8182210
8189652
8189686
8192944
8207892
8207893
8209203
8228425
8230759
8230884
8230886
8230921
8230939
8235987
8239692
8254970
8258924
8270803
8277608
8277621
8301835
8301898
8331849
8336037
8336812
8341856
8361068
8361105
8366632
8376900
8380630
8385719
8388761
8389419
8390589
8390898
8391094
8395618
8395767
8396515
8396516
8434968
8490823
8492503
8515175
8522873
8522874
8523660
8525210
8537874
8538096
8538113
8544387
8544893
8546462
8548673
8580569
8583664
8583722
8584841
8609692
8611294
8620683
8622281
8622284
8628029
8638207
8640027
8645941
8666873
8683164
8683175
8689428
8691665
8691677
8691689
8693609
8709421
8709438
8717305
8724643
8734783
8737699
8741454
8741466
8751808
8753040
8778484
8781647
8794827
8804482
8810765
8815256
8821499
8822004
8828337
8847824
8847849
8854591
8869154
8870329
8885007
8897689
8911054
8911057
8915290
8915701
8931224
8933517
8958679
8958698
8960661
8976089
8990898
9028067
9035304
9068198
9087297
9091626
9092159
9096925
9103861
9106599
9121033
9136542
9155138
9155197
9168647
9181896
9185450
9186218
9187571
9190228
9198836
9212668
9212676
9223870
9234639
9253026
9259148
9268952
9294304
9294305
9301237
9306574
9308658
9330524
9339633
9340066
9341273
9341274
9356846
9365741
9372335
9388344
9392356
9396262
9399551
9402178
9404104
9404115
9413064
9423085
9423097
9425489
9430151
9430969
9432678
9438005
9455072
9455076
9458540
9465627
9490565
9492468
9492473
9493139
9493451
9503206
9525301
9548313
9557181
9557475
9560532
9567049
9567250
9577081
9584481
9590706
9594506
9607894
9617151
9637849
9642697
9654822
9654934
9656671
9656675
9666658
9666670
9674012
9691656
9733055
9736201
9742810
9742828
9747070
9752604
9754006
9757644
9757645
9757649
9768964
9773088
9793030
9801787
9838914
9854164
9855090
9866984
9868712
9868958
9872559
9884565
9928710
9951696
9987513
10023007
10024802
10037850
10048478
10064957
10064964
10065106
10073151
10073152
10075577
10087877
10087881
10087882
10097557
10102535
10192738
10197691
10211576
10213997
10214045
10214046
10226412
10319635
10319637
10331224
10339943
10340047
10340559
10371135
10373656
10382238
10397084
10410154
10410546
10420707
10434549
10434550
10439574
10439677
10452251
10453173
10455376
10460019
10478539
10478746
10481466
10483762
10489143
10496102
10496110
10513167
10513169
10540841
10554425
10563752
10573143
10575345
10589198
10589199
10598443
10598930
10614098
10616169
10628938
10635308
10639712
10654541
10660747
10660748
10661854
10667017
10667020
10678561
10688495
10689694
10694316
10697450
10697933
10707526
10707541
10707543
10714116
10714117
10721947
10723950
10723957
10730147
10749021
10752785
10770065
10774176
10776725
10805108
10808281
10808284
10808294
10808296
10819488
10846358
10846370
10846399
10846404
10860288
10862454
10879031
10879039
10883474
10888388
10897565
10916344
10921288
10921292
10925690
10934728
10935332
10965557
10965622
10979287
10986604
10990513
10998867
10998873
11002590
11016002
11016003
11019498
11028741
11032067
11039506
11039714
11048448
11049824
11059733
11072738
11080961
11086208
11090025
11093692
11095138
11103243
11109813
11115591
11127561
11127565
11148361
11174141
11185892
11186926
11186932
11197793
11197829
11197831
11197904
11197914
11199503
11201378
11205661
11211762
11211768
11211774
11244733
11244748
11255389
11256839
11261325
11265405
11265406
11266390
11282434
11292948
11296368
11296383
11296384
11296385
11296386
11296387
11299804
11321821
11321828
11333194
11341211
11341551
11341552
11355262
11355263
11357302
11357313
11381510
11383221
11383223
11387844
11393413
11402874
11411104
11424717
11428602
11431912
11431952
11432354
11445011
11446681
11452477
11452535
11455297
11465202
11481023
11496415
11517541
11517542
11517555
11518124
11523134
11523173
11530390
11530394
11530395
11551425
11554112
11557125
11562606
11564920
11578266
11579640
11593712
11595839
11603674
11681024
11681026
11681028
11681030
11686563
11712368
11724260
11729689
11753806
11757770
11757772
11758711
11761891
11761904
11769401
11788287
11789807
11797412
11808353
11816463
11816464
11822767
11837534
11855096
11868507
11875810
11875816
11888991
11889643
11899222
11915734
11915736
11925889
11952270
11955656
11974869
11974872
11989425
12002773
12004855
12009248
12018110
12040688
12043470
12045431
12048916
12061688
12071528
12074292
12075873
12078804
12084350
12090045
12108349
12116533
12126086
12126464
12134995
12136580
12146003
12146004
12174619
12174700
12184441
12222560
12226060
12229140
12229149
12229219
12235876
12238870
12240715
12325339
12325341
12367791
12377411
12379067
12402430
12402431
12411569
12420862
12428334
12428399
12428408
12445755
12449224
12449717
12472397
12472398
12474328
12476556
12476569
12487177
12501987
12517303
12537239
12549855
12560943
12576392
12576920
12607253
12632823
12649871
12649907
12649921
12660009
12667132
12667133
12693000
12693003
12693006
12715035
12722327
12722684
12723505
12728977
12747538
12768292
12772596
12772604
12781434
12795182
12795187
12795190
12795348
12820464
12822425
12822431
12835886
12852353
12861494
12875641
12894713
12894714
12926086
12926128
12931588
12931597
12931676
12931679
12934553
12952762
12963923
13130206
13677930
14503339
14503345
14510753
14513324
14518414
14518671
14523061
14529170
14531299
14570293
14579705
14582710
14584390
14584392
14584394
14594156
14598040
14606719
14606721
14620276
14631477
14632300
14651217
14672022
14672028
14672031
14702702
14703576
14714964
14727549
14727550
14727556
14740814
14750327
14760991
14760992
14768372
14768477
14768478
14768759
14965177
14978913
14982316
14994982
15003103
15007916
15007917
15007920
15069783
15071870
15077849
15141705
15141707
15168458
15168461
15170986
15216432
15218424
15221555
15228138
15228144
15239263
15242087
15246199
15272587
15273862
15274407
15282668
15292828
15302068
15305659
15328805
15366568
15366578
15367879
15446564
15455951
15460912
15468975
15469161
15470541
15474324
15490030
15500150
15500152
15500157
15505704
15508447
15510812
15511201
15549594
15553022
15553029
15553040
15553716
15558360
15558361
15561063
15566005
15570940
15570941
15587185
15591462
15603864
15610322
15639426
15639728
15656344
15667039
15670259
15675586
15678907
15678908
15678911
15678967
15682852
15687059
15699909
15704451
15704455
15724477
15724484
15724485
15724501
15729604
15735889
15735917
15748554
15749427
15751646
15751647
15757264
15772581
15776735
15776746
15782571
15782573
15803377
15816604
15816612
15816622
15827405
15828256
15849928
15850015
15854983
15875553
15881232
15881243
15897637
15900242
15902359
15906960
15917706
15919324
15928189
15933816
15952326
15957426
15957427
15957428
15957429
15966375
15983857
16022151
16023045
16024135
16027524
16029735
16030485
16035565
16037834
16042089
16045584
16047279
16080496
16095237
16095244
16097573
16098755
16104563
16104568
16105115
16106107
16110416
16117488
16157988
16164261
16167540
16167810
16195775
16200895
16200896
16206660
16210896
16235848
16235854
16237368
16247667
16258216
16273252
16276444
16282744
16282907
16293923
16296371
16296375
16299459
16305905
16314744
16315957
16320932
16359016
16359023
16363625
16366364
16366365
16398168
16401990
16407879
16410700
16415149
16422476
16423212
16426359
16443709
16456738
16457335
16457338
16466992
16482915
16482916
16482935
16484655
16493539
16502865
16512985
16523264
16531721
16531722
16531723
16536022
16552463
16572246
16595996
16612159
16612160
16612161
16613230
16615424
16617864
16617866
16633755
16640808
16642561
16648107
16681249
16681812
16685164
16685165
16688847
16702748
16703198
16703800
16715891
16715897
16731303
16739321
16757646
16759617
16764310
16770109
16773009
16778295
16780071
16790292
16821589
16823332
16826220
16832096
16834680
16841775
16844566
16850132
16850692
16856536
16856537
16856539
16872723
16886806
16886833
16913445
16914225
16917631
16928561
16930766
16941749
16942817
16961070
16966932
16972640
16972643
16974060
16977300
16986695
16996966
17017667
17037407
17037411
17041840
17072376
17073297
17087336
17087349
17094549
17099785
17108727
17108728
17108729
17123140
17125698
17125996
17126147
17129846
17144579
17144584
17161608
17162397
17163216
17163217
17163218
17197749
17197752
17199180
17207039
17212132
17214328
17214722
17218589
17228288
17228809
17228810
17237698
17243651
17249545
17252975
17258017
17272231
17285199
17290711
17298248
17298855
17301531
17301532
17313023
17313030
17313032
17316891
17331292
17336230
17337875
17342579
17352145
17352174
17352179
17352181
17366681
17368625
17392675
17409905
17419436
17419441
17419442
17426235
17431355
17435415
17442462
17457021
17457285
17472120
17475364
17491313
17491319
17491348
17492239
17494807
17496451
17496452
17504386
17505446
17511934
17527041
17550143
17553590
17554985
17554989
17554998
17563130
17564061
17566599
17566849
17571618
17574297
17587431
17604265
17607127
17607217
17611718
17634709
17642212
17642217
17642223
17643548
17644941
17644943
17681098
17682465
17682467
17683989
17688967
17703623
17703629
17726596
17763696
17784986
17804114
17805069
17867281
17876154
17877019
17877134
17879027
17893525
17898662
17907901
17922976
17927655
17929473
17929476
17932478
17933147
17938533
17939424
17940395
17945377
17954112
17954994
17959408
17996977
18018626
18018629
18018630
18018657
18030020
18040625
18049856
18051788
18061468
18063195
18074935
18078091
18079016
18080991
18091371
18092026
18097254
18186243
18186244
18186249
18186962
18195661
18196873
18200376
18217314
18217318
18219885
18219903
18239873
18249463
18257122
18265718
18268946
18281776
18281777
18286945
18287859
18292724
18317076
18318259
18319694
18323183
18323184
18323195
18323864
18330723
18332606
18345519
18347399
18347401
18347402
18355544
18379369
18409568
18411700
18432067
18441512
18464479
18464482
18464483
18470691
18476461
18494953
18496688
18500218
18501100
18504098
18507198
18516996
18522296
18533405
18544726
18563045
18565361
18565362
18573452
18575950
18578711
18591850
18597061
18604126
18604140
18607685
18612790
18616109
18622121
18622529
18630469
18633258
18640355
18646562
18650172
18655652
18670315
18696207
18697457
18697460
18700578
18701862
18704864
18758311
18758316
18761275
18768426
18789554
18799917
18799918
18818574
18923379
18937080
18939431
18975053
18975150
18975548
18978572
18979079
18983643
18989248
19033792
19039277
19044039
19068697
19068704
19068705
19068768
19068772
19077783
19087342
19096320
19106573
19107246
19109118
19145391
19193472
19195212
19198231
19198234
19198235
19198242
19216087
19223750
19223751
19231437
19241901
19260532
19260541
19261349
19261404
19262592
19270019
19300056
19301777
19306782
19341425
19348277
19352293
19353448
19373540
19380338
19381047
19390948
19419632
19419948
19437574
19440824
19455960
19455967
19461181
19462357
19471225
19471227
19475841
19491524
19504096
19507488
19519875
19522204
19522205
19522215
19522216
19525597
19525601
19561284
19562448
19565183
19581146
19588829
19591108
19597308
19597393
19597396
19601528
19620805
19626300
19627737
19632168
19632942
19634289
19637798
19637799
19638725
19650185
19650186
19653137
19654076
19659656
19670784
19670785
19670786
19670790
19674995
19692773
19692831
19699949
19714435
19721297
19755826
19755827
19764498
19764522
19765840
19773213
19776615
19776708
19779775
19803409
19804892
19808165
19827556
19827557
19827559
19827584
19827587
19827588
19827589
19827601
19829770
19830028
19830520
19838033
19838034
19838036
19841757
19863699
19881244
19882640
19882919
19882922
19890115
19893400
19897850
19918567
19920394
19928513
19951638
19953022
19966662
19967493
19969392
19994601
19994602
19994603
19995655
19999090
19999100
20001298
20009463
20012960
20013631
20037340
20037451
20037861
20058693
20077829
20078711
20081750
20087044
20090247
20108758
20138696
20141081
20141088
20154488
20155346
20155347
20160588
20163025
20169959
20173453
20184242
20184251
20185885
20204181
20204317
20214352
20214357
20217450
20228600
20229756
20231308
20332690
20332701
20349306
20351017
20371165
20392978
20405348
20420139
20428980
20446615
20455086
20485047
20514935
20515920
20517733
20519925
20533745
20537425
20558939
20560440
20560443
20572600
20578421
20587106
20593001
20603092
20606361
20608088
20608863
20609806
20647652
20656258
20662233
20665451
20680910
20684215
20684219
20703868
20706050
20715528
20716884
20724427
20727680
20732474
20740139
20740179
20796281
20803980
20811563
20820991
20838560
20847071
20847506
20851875
20856672
20859318
20868411
20887625
20954353
20964557
21030922
21030925
21051382
21057448
21061553
21066854
21066867
21084815
21095358
21095361
21107754
21108184
21118832
21119281
21119288
21125279
21131682
21141059
21172539
21188658
21199318
21210348
21216022
21224698
21224716
21225404
21226298
21226303
21226306
21226307
21253365
21253740
21256322
21264548
21277135
21285692
21306950
21308444
21317155
21325767
21327396
21333371
21368492
21368493
21368494
21387625
21390516
21396733
21400906
21400907
21404556
21404562
21404563
21404566
21417163
21419490
21437571
21437692
21441747
21448647
21448802
21455627
21464881
21485155
21497727
21499006
21499009
21516269
21534458
21541230
21543368
21552033
21554678
21556797
21563323
21587128
21587129
21587130
21587132
21587133
21591448
21591456
21591457
21591459
21594839
21597416
21597418
21616550
21626336
21637076
21675041
21677493
21678073
21682047
21682054
21688646
21706125
21716011
21716028
21716036
21716912
21725908
21735751
21755198
21761114
21766279
21766707
21766712
21769294
21769767
21772102
21773912
21801997
21829079
21830455
21835826
21842679
21842686
21842687
21842688
21842689
21874431
21881362
21881365
21881377
21890305
21892273
21894777
21899136
21918350
21921384
21928002
21941454
21976946
21980052
21985459
21988195
21991496
21991848
21996964
21996966
21997597
22015093
22023333
22026133
22026313
22031117
22068672
22068679
22073612
22073613
22073617
22073618
22083202
22083699
22085575
22087096
22116259
22117315
22123143
22126907
22137284
22148027
22148044
22159234
22159242
22159307
22160418
22171215
22171491
22173683
22174593
22184541
22185996
22187876
22189231
22189232
22196950
22197157
22202274
22202282
22202386
22209841
22215400
22220151
22226062
22229935
22231790
22231793
22241361
22242290
22242292
22259910
22262330
22263151
22263173
22263175
22284605
22286598
22314171
22314176
22314212
22322044
22329199
22333641
22346276
22349540
22350298
22352061
22355498
22359531
22374075
22374594
22374606
22389293
22393191
22410283
22423246
22437070
22438695
22446612
22483563
22485042
22499972
22499973
22504249
22504691
22510543
22527814
22531123
22531310
22541219
22543146
22545056
22566257
22566260
22569500
22579408
22579884
22584333
22584334
22585006
22588276
22605710
22606597
22607644
22610162
22614524
22617502
22623005
22628609
22647334
22669597
22678001
22678505
22679236
22688477
22688581
22689842
22689919
22690346
22691513
22691515
22699476
22701036
22708462
22712015
22719159
22736782
22740821
22741562
22748025
22750834
22750840
22776372
22776373
22777314
22790895
22798097
22802473
22808302
22821111
22826350
22844020
22868461
22878770
22879005
22879565
22889790
22889962
22892016
22899191
22922680
22925158
22938704
22940658
22940662
22964695
22970434
22975541
22996254
22996776
22996782
23002689
23017787
23036980
23052173
23052178
23064066
23064067
23095295
23104459
23109775
23110763
23112957
23117360
23117364
23148586
23152025
23172496
23182674
23196663
23202707
23202719
23206622
23207541
23208338
23210009
23233407
23233867
23235767
23242050
23254266
23257249
23261230
23264674
23266753
23268022
23268088
23268091
23276033
23279872
23288792
23289467
23294064
23303432
23318192
23320514
23328112
23332430
23334985
23345502
23346669
23358590
23364224
23364227
23364235
23369333
23381362
23381368
23384955
23421935
23422809
23424951
23442499
23445649
23445650
23456204
23457929
23462042
23466000
23470889
23487442
23489558
23493804
23497362
23507601
23515369
23531733
23531769
23550826
23552188
23552754
23558225
23558310
23560120
23564571
23571681
23574998
23585956
23585959
23588576
23590051
23603540
23603543
23603606
23608268
23608858
23615821
23616311
23626560
23627197
23632071
23652954
23674045
23676600
23683536
23683537
23697195
23697667
23704434
23707841
23730522
23741221
23748835
23754881
23770881
23774558
23787064
23800747
23807399
23813517
23814134
23816083
23819428
23820551
23825787
23825789
23825792
23848027
23857096
23858947
23863657
23863658
23863736
23863739
23863742
23866489
23877510
23882429
23891513
23894735
23898089
23910112
23910397
23917054
23917236
23917244
23924558
23946525
23984229
23986051
23986052
23986054
23986124
23994990
23994993
24003681
24008636
24008638
24008643
24008644
24008649
24012411
24015426
24019675
24019783
24022905
24023595
24034807
24040541
24040545
24045392
24045761
24047779
24047780
24048720
24049303
24054548
24061840
24088761
24088908
24089066
24097003
24112463
24119497
24125993
24139363
24196075
24200657
24200658
24200668
24234431
24278074
24296192
24296193
24296222
24300356
24305014
24322317
24322321
24322359
24326855
24328026
24338556
24348396
24351947
24360322
24394102
24397971
24403481
24409365
24409368
24419198
24452660
24458182
24461533
24476569
24484647
24492166
24492175
24498781
24500384
24502036
24503102
24511672
24560251
24569337
24569339
24581083
24592691
24605239
24610653
24612572
24626382
24644777
24646776
24646812
24649471
24653640
24667947
24673971
24678688
24698893
24705836
24707260
24722719
24739697
24743485
24743527
24748606
24748865
24754885
24756239
24761534
24765347
24782949
24782977
24811464
24826064
24834113
24835801
24835920
24852381
24852876
24864576
24868900
24872405
24872479
24874405
24881739
24887854
24899595
24911536
24914356
24917010
24917282
24926256
24934551
24949373
24954873
24964457
24979855
24979959
24982390
24987406
24997732
24998965
24999692
25010762
25022400
25030575
25037146
25043706
25047674
25048980
25056454
25062102
25076254
25076781
25076891
25097456
25098141
25113277
25129089
25136232
25137322
25137324
25189989
25191415
25191495
25195308
25207258
25213782
25224514
25224712
25226867
25238939
25249292
25252864
25266586
25267753
25268207
25294673
25313769
25331659
25335706
25336976
25337284
25340389
25346906
25351673
25354384
25359152
25364539
25364582
25370901
25377270
25394842
25395467
25398579
25399219
25400235
25405168
25408663
25415672
25418188
25422332
25433426
25434449
25434537
25434542
25441798
25468200
25468247
25474437
25493086
25497635
25535523
25555957
25579322
25601488
25607566
25608164
25608169
25617068
25620524
25635225
25637737
25653562
25656332
25663792
25674871
25693338
25700331
25715772
25720567
25725686
25731063
25731415
25731417
25731418
25731425
25731454
25731456
25731547
25731572
25732916
25742782
25742995
25743148
25743553
25743554
25743561
25748156
25780510
25785344
25786449
25802743
25802747
25805957
25810864
25811706
25812513
25832947
25837003
25838305
25838834
25838865
25841825
25841992
25848356
25861184
25878648
25882025
25887013
25889649
25889744
25900221
25900415
25908030
25908039
25914548
25929917
25932728
25941442
25948354
25953440
25962199
25963700
25963779
25963792
25969674
25973127
25973286
25981659
25982012
25988009
25994067
25999632
26004108
26015842
26018679
26018680
26020390
26027991
26027992
26028485
26038602
26039123
26039124
26046874
26046875
26047060
26050982
26063108
26066868
26066883
26082644
26085598
26119440
26124429
26130140
26133643
26148572
26164570
26166791
26170569
26173437
26200643
26236602
26236616
26236620
26241296
26252327
26278300
26280212
26286086
26306486
26315009
26321716
26323914
26328596
26329626
26334220
26336424
26337309
26339437
26351314
26351437
26351439
26380833
26392858
26404113
26406545
26422961
26437562
26438406
26442413
26442422
26447392
26458667
26458717
26464732
26466714
26469166
26469167
26469264
26469265
26483340
26489151
26491504
26492026
26492608
26500723
26519123
26527521
26555913
26555915
26568007
26568008
26581496
26582230
26602400
26603857
26613679
26623140
26623221
26631888
26631892
26636972
26652569
26662155
26662663
26672760
26681195
26683964
26689069
26693323
26694270
26700783
26732728
26744649
26744672
26756098
26759957
26776866
26783009
26788278
26790325
26793591
26805184
26805186
26805187
26805198
26809532
26809533
26819865
26823891
26824009
26824965
26825159
26828144
26829095
26835190
26846159
26855657
26857800
26858921
26871823
26881644
26883388
26886479
26888019
26892698
26897234
26898609
26898615
26899612
26918104
26922131
26933418
26933433
26935372
26987988
26990744
27017732
27017766
27019996
27027144
27040071
27040854
27040858
27042125
27055139
27057295
27065090
27065847
27075147
27075283
27076978
27076980
27081491
27122068
27122281
27130556
27139009
27149133
27149134
27181543
27188114
27190612
27197464
27200139
27210093
27220929
27220930
27246125
27247207
27247429
27262308
27266288
27277376
27298405
27301520
27302729
27321230
27328473
27330954
27330963
27334477
27343530
27365063
27365064
27365074
27370896
27374682
27376181
27379852
27389724
27396796
27403127
27408654
27440037
27440853
27443973
27462197
27470606
27476564
27476573
27477574
27483653
27483707
27485876
27486332
27498617
27512565
27516792
27523003
27532522
27536145
27541546
27546105
27549537
27554835
27556801
27565916
27565931
27586310
27586316
27599420
27601512
27617103
27621653
27621899
27621904
27624948
27629545
27637324
27672350
27696013
27720526
27725919
27728983
27745897
27747030
27747151
27752243
27755795
27755805
27755838
27759576
27785223
27793861
27799817
27801981
27803757
27807951
27821820
27821821
27829227
27834176
27853077
27858539
27864300
27870565
27893699
27909284
27909285
27920707
27941481
27980265
27987584
27987586
27999784
28002541
28018766
28030859
28031832
28031837
28031838
28031840
28040761
28044301
28061534
28063735
28070431
28101024
28101027
28102933
28102935
28109367
28127432
28133064
28133150
28133340
28133582
28146039
28149745
28149765
28174382
28174411
28174412
28174413
28191315
28194252
28197356
28203496
28239985
28274536
28274537
28275490
28275538
28286654
28287363
28293004
28293012
28296233
28299582
28299808
28302996
28317631
28321073
28323731
28325074
28331829
28344748
28348908
28361276
28362192
28368886
28376682
28391773
28393006
28413393
28415059
28437516
28438234
28449505
28449508
28449509
28465871
28465913
28469919
28474862
28480046
28507205
28525452
28528064
28533646
28536686
28540256
28557813
28559826
28560028
28560833
28566081
28577948
28577951
28577954
28591698
28595234
28601918
28611637
28611639
28620571
28625646
28625651
28626182
28626401
28626632
28632689
28634315
28634559
28638336
28638799
28649487
28649876
28650890
28653494
28660548
28668822
28682843
28687977
28690518
28721071
28723866
28730258
28745612
28751994
28756145
28758760
28764229
28775084
28781309
28781854
28790245
28790264
28791988
28794362
28794366
28794368
28794371
28795039
28801331
28806248
28806259
28808224
28811904
28811947
28818548
28824977
28825378
28833116
28840028
28845578
28856088
28858221
28860444
28860809
28861332
28861333
28868024
28881488
28883237
28910804
28912411
28913619
28920207
28920214
28920250
28920275
28920312
28928103
28932591
28932594
28951508
28970599
28971587
28975824
28977365
28980030
28990895
29016412
29019253
29021485
29031965
29043206
29054899
29067858
29070994
29078448
29078545
29078573
29078690
29094453
29099002
29104197
29104200
29104208
29107823
29110841
29138381
29147278
29147375
29147454
29151522
29151535
29157085
29164975
29167010
29169677
29173113
29178305
29184450
29212998
29215816
29223276
29225267
29226664
29232243
29249783
29249794
29251824
29255968
29260625
29261620
29264043
29264590
29268429
29268554
29268560
29268561
29269665
29277187
29279482
29279483
29279560
29290255
29302412
29302444
29310384
29312765
29313588
29321433
29321928
29321933
29326867
29330272
29362317
29362727
29373004
29374743
29383242
29394538
29394572
29394665
29394706
29394716
29418077
29424199
29424200
29434118
29434159
29440861
29445290
29461911
29483468
29483469
29483483
29484070
29487253
29492361
29492835
29498219
29507724
29507726
29508939
29517860
29526969
29546681
29557577
29571998
29581417
29581622
29587605
29594253
29594877
29616538
29634552
29651368
29656748
29656760
29666732
29668470
29671216
29674402
29675281
29675860
29689238
29695653
29703650
29713488
29715123
29716684
29719799
29719814
29737033
29755071
29755082
29762233
29764752
29780110
29785317
29800025
29807405
29813007
29849321
29850163
29850164
29854532
29857089
29866661
29872593
29877267
29941862
29953024
29971546
29977749
29977753
29977790
29978949
29984766
29984773
29984774
29997989
29997999
30002861
30022938
30032835
30034220
30042243
30042244
30042250
30042261
30046443
30065585
30067451
30077602
30079090
30079342
30083883
30093497
30100849
30101917
30101918
30101929
30101935
30101943
30109208
30109211
30112271
30112272
30115708
30123727
30146594
30148018
30150445
30152594
30158416
30158417
30165866
30168282
30174438
30174824
30183201
30185741
30185750
30185753
30186140
30197847
30198200
30207282
30210109
30214240
30216184
30220948
30222682
30224620
30225190
30232300
30237383
30237884
30253072
30253076
30264014
30279783
30279827
30279843
30282874
30300161
30310681
30311443
30315800
30319970
30350014
30353700
30363223
30364678
30369526
30370215
30386552
30411514
30422759
30449778
30449809
30449853
30449854
30449869
30449878
30449879
30450429
30455499
30455917
30455955
30456002
30460024
30464148
30464529
30466088
30479233
30489484
30513316
30519472
30526346
30533375
30534240
30539597
30541627
30543742
30546699
30548923
30561123
30572331
30577320
30587757
30596201
30600919
30602160
30603606
30606938
30615772
30619614
30626830
30627102
30631445
30637666
30643546
30643564
30652046
30657798
30671338
30675410
30685067
30692293
30692333
30697059
30697409
30700688
30701149
30713295
30718446
30727791
30734708
30758813
30760168
30765663
30766682
30772889
30775040
30775827
30775876
30788361
30792648
30809383
30828027
30828042
30829864
30848550
30850565
30854265
30859062
30860657
30861263
30867398
30868686
30878484
30900377
30906559
30914625
30918156
30944744
30950836
30952734
30968671
30975968
30993917
30996212
30997107
31007929
31013174
31019860
31020065
31020272
31024792
31029276
31037232
31043955
31064787
31089452
31114735
31116807
31118387
31118683
31123616
31130676
31149429
31149430
31149462
31149487
31149521
31149531
31151972
31168463
31174663
31179140
31187006
31187861
31189815
31189816
31193401
31193884
31194139
31198679
31205835
31213845
31215735
31218186
31218187
31229973
31236182
31241220
31243229
31243230
31243231
31243239
31243249
31244645
31246639
31250402
31257193
31265441
31266917
31268018
31268024
31275133
31283128
31285825
31290421
31292368
31292371
31292383
31292388
31292396
31292397
31296803
31296825
31300602
31312453
31315351
31320605
31320869
31320871
31320873
31327819
31327828
31327829
31327832
31353347
31353360
31353361
31355029
31355240
31363755
31366794
31384424
31391407
31396478
31400331
31410343
31414646
31423371
31426131
31427953
31436031
31452894
31452896
31453084
31467750
31486987
31493907
31501372
31501376
31511162
31512401
31521601
31534809
31543777
31554769
31559892
31567311
31586619
31588107
31588629
31592498
31596704
31617320
31637072
31645893
31652805
31666468
31679811
31694779
31699236
31708544
31709956
31711463
31712241
31735738
31736387
31736471
31748490
31748494
31749623
31754559
31759780
31761777
31766077
31768288
31772851
31773139
31776151
31779047
31779512
31786288
31789787
31791986
31803575
31804301
31818894
31823117
31824281
31843782
31845086
31850143
31865638
31871680
31879381
31880403
31890556
31891239
31900515
31908482
31918444
31921341
31929495
31934235
31938406
31944570
31950926
31952995
31956253
31956383
31990152
31993425
31996507
32011360
32018275
32025305
32025486
32033998
32042429
32042430
32042431
32045109
32047674
32058173
32064211
32066414
32073294
32075402
32079587
32082681
32082689
32082816
32091646
32095128
32101810
32104614
32110415
32117761
32132066
32132361
32142590
32145822
32156882
32156889
32156934
32161221
32167195
32170578
32170864
32181993
32190449
32206560
32206749
32207346
32212216
32217661
32231530
32231535
32231818
32232031
32236164
32244049
32246895
32257478
32257791
32269191
32279192
32280402
32281578
32284868
32285615
32290766
32291904
32308579
32308583
32309466
32316702
32320137
32348891
32351041
32351839
32353713
32372500
32373458
32377620
32381912
32382497
32389978
32389991
32391224
32391640
32393703
32393704
32393708
32393717
32393726
32398399
32399002
32399862
32408327
32420018
32420078
32420079
32431966
32433811
32458584
32462932
32475967
32489846
32493856
32494549
32509366
32509368
32518745
32528842
32529505
32533196
32541175
32551225
32558713
32566591
32567174
32567218
32567601
32573686
32574156
32577365
32577373
32578390
32579282
32594946
32595469
32607245
32626622
32630995
32631958
32641628
32641677
32645202
32647695
32648466
32651759
32656988
32657858
32669493
32676339
32685165
32691515
32691523
32695401
32695556
32699588
32701815
32712617
32716573
32727989
32742890
32760647
32761808
32762231
32767641
32774270
32779594
32782484
32787986
32796633
32814475
32819126
32829358
32830134
32832733
32843376
32844533
32844588
32850061
32850155
32864141
32865450
32869550
32879282
32879286
32882699
32884528
32885935
32887867
32903930
32909169
32910058
32913177
32913702
32920748
32922834
32923224
32930490
32944497
32952752
32953335
32956110
32963663
32968554
32976332
32991102
32995031
32995226
32997235
32999231
32999656
32999781
33014661
33024691
33029371
33029462
33031570
33036111
33040541
33040544
33044877
33047629
33061462
33065807
33070259
33082745
33083220
33086269
33102050
33103339
33103346
33103845
33106071
33115309
33115992
33115993
33116618
33116645
33118287
33130725
33130748
33156049
33174376
33174378
33183013
33183014
33183015
33185139
33188565
33193110
33194136
33194628
33194694
33200345
33205778
33208309
33209038
33209578
33209903
33215864
33217043
33224680
33225619
33229831
33229837
33239894
33240788
33250467
33250481
33268614
33268616
33271574
33293197
33296496
33298497
33298795
33300291
33302689
33313209
33318923
33319473
33323668
33324524
33324781
33328738
33335085
33338849
33342084
33342826
33342989
33354466
33380804
33389657
33391772
33391908
33392354
33395118
33402643
33406329
33415927
33421335
33438350
33440949
33442216
33442956
33443947
33448744
33454089
33456040
33456046
33456175
33463035
33468807
33468814
33468852
33468916
33468931
33468965
33470558
33470619
33473052
33474942
33479588
33489524
33489697
33489707
33489810
33494066
33495182
33495974
33500301
33506568
33509862
33510895
33512249
33518612
33524588
33533191
33545798
33547104
33551401
33552769
33559120
33563858
33564297
33564517
33569484
33596705
33605184
33607058
33612067
33613234
33613428
33617417
33617512
33626928
33633898
33641495
33643837
33648822
33651475
33658161
33661187
33661208
33662316
33664218
33665689
33678282
33680801
33682361
33722562
33724695
33728051
33728131
33732464
33734140
33736505
33738176
33741573
33742758
33746437
33753389
33769211
33772730
33775994
33776679
33776733
33777399
33796442
33811611
33814492
33816312
33816581
33822407
33824832
33824833
33831875
33831892
33832282
33835473
33850769
33859813
33863763
33883486
33889531
33902154
33905737
33906716
33914234
33926295
33927880
33928039
33936899
33939293
33942527
33953569
33960662
33966429
33966433
33967120
33967430
33968515
33976015
33976025
33976625
33976640
33976886
33980792
33987421
33987422
33990130
33993258
33995251
34006712
34006714
34006726
34007391
34012549
34023984
34025545
34031063
34033235
34035913
34038210
34040602
34040687
34041897
34043141
34049893
34059585
34059595
34079290
34079680
34088696
34091821
34092725
34092772
34094568
34104402
34105864
34111035
34113114
34118303
34118816
34118833
34123387
34123456
34126662
34139736
34139737
34148931
34152082
34157597
34158900
34159737
34163176
34164239
34164277
34167900
34178347
34190696
34217692
34221986
34232947
34235022
34237294
34240046
34240806
34248120
34248541
34248555
34248584
34249743
34263613
34263614
34264511
34268428
34269726
34275680
34276960
34283387
34287773
34287777
34306720
34310559
34315748
34321972
34322251
34324792
34326113
34327032
34334609
34334611
34335467
34336591
34357718
34367784
34367817
34367960
34368186
34377604
34382677
34387588
34387603
34393158
34398354
34400426
34401265
34401271
34401272
34401280
34401306
34404075
34404076
34405061
34405563
34406180
34411840
34413743
34414778
34415552
34419961
34432771
34433717
34434316
34434341
34434452
34434479
34455551
34456195
34457312
34459458
34459938
34466299
34484843
34486535
34486539
34488412
34491978
34494575
34497169
34498249
34505336
34505347
34513209
34514162
34514578
34521243
34522604
34524170
34528157
34531131
34540453
34540659
34544947
34565748
34567334
34569520
34570052
34584866
34587368
34589229
34593323
34596799
34601472
34601473
34601475
34601540
34603953
34603961
34605304
34606491
34608780
34620744
34623764
34624262
34625439
34628779
34630792
34656242
34667669
34671624
34692399
34707051
34707694
34716545
34720926
34720937
34720947
34725989
34725992
34733476
34745866
34745868
34754749
34764094
34765329
34790350
34791243
34792143
34795150
34795152
34795153
34795901
34802213
34803099
34804001
34806395
34812314
34815909
34821579
34840226
34840954
34848974
34858623
34858856
34864650
34868767
34874354
34876539
34876544
34876546
34881038
34897141
34899236
34902297
34911919
34916402
34925576
34925754
34927400
34931476
34935296
34950709
34955547
34956790
34973185
34980760
34993345
35004008
35005507
35016465
35018406
35022344
35023292
35023930
35023973
35025812
35025813
35026147
35036012
35039349
35044635
35046365
35049690
35049707
35054377
35059200
35071499
35072901
35076610
35076999
35082621
35082625
35082630
35088537
35092185
35095092
35095135
35106230
35111023
35116222
35116284
35116349
35116439
35116442
35116443
35116516
35117052
35117656
35117734
35117743
35118324
35125804
35128310
35128314
35135922
35136625
35144431
35145568
35145621
35145825
35146920
35152370
35154939
35165619
35166047
35169540
35174181
35198146
35208635
35210644
35212154
35223238
35224897
35226514
35228477
35228977
35242521
35242522
35249079
35249084
35249085
35249949
35251840
35256093
35256912
35273138
35273908
35280716
35280798
35280981
35281578
35283377
35288914
35299191
35305107
35308715
35321064
35321269
35321433
35324529
35324532
35340620
35342622
35343086
35345724
35353742
35364706
35365042
35365044
35368001
35370247
35371745
35373538
35378738
35383870
35384319
35392013
35415055
35425694
35426872
35431862
35433411
35435206
35437882
35441911
35444936
35451568
35455860
35464891
35474201
35474202
35474996
35475011
35485845
35494030
35497077
35503645
35504245
35506104
35529289
35529290
35529295
35543335
35545933
35578936
35585959
35592313
35593253
35595502
35599545
35602787
35602819
35618690
35619329
35619841
35645132
35646587
35651371
35666357
35677717
35690983
35694701
35698605
35702475
35702556
35707406
35707844
35711361
35720484
35747596
35747978
35754442
35761777
35774640
35775554
35775708
35793785
35795493
35797691
35799860
35799861
35799864
35803556
35814818
35815431
35855935
35864664
35865021
35869681
35871746
35875128
35877261
35890187
35892308
35900560
35922944
35924504
35946510
35946511
35946520
35946569
35949112
35949899
35961606
35965488
35965489
35967142
35968643
35974681
35978918
35982637
35989744
35989842
36003386
36016624
36033514
36041021
36046437
36046974
36047568
36059366
36068964
36072009
36072511
36073307
36090337
36090986
36091608
36102237
36106272
36117807
36118268
36127958
36129883
36134062
36134388
36135056
36146910
36149442
36152106
36156016
36156514
36156526
36158854
36160479
36164316
36175780
36176252
36176253
36176406
36185261
36185408
36186221
36189573
36195556
36211614
36212391
36217354
36226049
36249035
36249435
36249529
36251515
36275908
36277753
36281405
36281606
36294365
36299978
36303689
36308251
36313794
36327909
36332423
36337419
36373259
36380874
36386178
36386284
36387081
36387208
36408132
36408484
36411591
36412450
36419902
36437214
36439460
36447663
36457597
36466056
36479078
36484334
36503448
36505454
36514601
36518913
36519636
36523676
36523682
36561729
36568519
36578608
36579078
36582759
36583058
36589500
36590662
36600862
36605067
36605223
36605536
36605537
36605538
36608785
36620539
36628239
